Date,AFKS,AFLT,AGRO,ALRS,CBOM,CHMF,ENPG,FEES,FIVE,FIXP,GAZP,GLTR,GMKN,HYDR,IRAO,LKOH,MAGN,MGNT,MOEX,MTSS,NLMK,NVTK,OZON,PHOR,PIKK,PLZL,POLY,ROSN,RTKM,RUAL,SBER,SBERP,SGZH,SNGS,SNGSP,TATN,TATNP,TCSG,TRNFP,VKCO,VTBR,YNDX
2023-03-14 11:00:00,158.89,158.89,158.89,158.89,158.89,158.89,158.89,158.89,158.89,158.89,158.89,158.89,158.89,158.89,158.89,158.89,158.89,158.89,158.89,158.89,158.89,158.89,158.89,158.89,158.89,158.89,158.89,158.89,158.89,158.89,158.89,158.89,158.89,158.89,158.89,158.89,158.89,158.89,158.89,158.89,158.89,158.89
2023-03-15 11:00:00,161.5,161.5,161.5,161.5,161.5,161.5,161.5,161.5,161.5,161.5,161.5,161.5,161.5,161.5,161.5,161.5,161.5,161.5,161.5,161.5,161.5,161.5,161.5,161.5,161.5,161.5,161.5,161.5,161.5,161.5,161.5,161.5,161.5,161.5,161.5,161.5,161.5,161.5,161.5,161.5,161.5,161.5
2023-03-16 11:00:00,159.81,159.81,159.81,159.81,159.81,159.81,159.81,159.81,159.81,159.81,159.81,159.81,159.81,159.81,159.81,159.81,159.81,159.81,159.81,159.81,159.81,159.81,159.81,159.81,159.81,159.81,159.81,159.81,159.81,159.81,159.81,159.81,159.81,159.81,159.81,159.81,159.81,159.81,159.81,159.81,159.81,159.81
2023-03-17 11:00:00,160.19,160.19,160.19,160.19,160.19,160.19,160.19,160.19,160.19,160.19,160.19,160.19,160.19,160.19,160.19,160.19,160.19,160.19,160.19,160.19,160.19,160.19,160.19,160.19,160.19,160.19,160.19,160.19,160.19,160.19,160.19,160.19,160.19,160.19,160.19,160.19,160.19,160.19,160.19,160.19,160.19,160.19
2023-03-20 11:00:00,164.34,164.34,164.34,164.34,164.34,164.34,164.34,164.34,164.34,164.34,164.34,164.34,164.34,164.34,164.34,164.34,164.34,164.34,164.34,164.34,164.34,164.34,164.34,164.34,164.34,164.34,164.34,164.34,164.34,164.34,164.34,164.34,164.34,164.34,164.34,164.34,164.34,164.34,164.34,164.34,164.34,164.34
2023-03-21 11:00:00,176.0,176.0,176.0,176.0,176.0,176.0,176.0,176.0,176.0,176.0,176.0,176.0,176.0,176.0,176.0,176.0,176.0,176.0,176.0,176.0,176.0,176.0,176.0,176.0,176.0,176.0,176.0,176.0,176.0,176.0,176.0,176.0,176.0,176.0,176.0,176.0,176.0,176.0,176.0,176.0,176.0,176.0
2023-03-22 11:00:00,170.0,170.0,170.0,170.0,170.0,170.0,170.0,170.0,170.0,170.0,170.0,170.0,170.0,170.0,170.0,170.0,170.0,170.0,170.0,170.0,170.0,170.0,170.0,170.0,170.0,170.0,170.0,170.0,170.0,170.0,170.0,170.0,170.0,170.0,170.0,170.0,170.0,170.0,170.0,170.0,170.0,170.0
2023-03-23 11:00:00,168.72,168.72,168.72,168.72,168.72,168.72,168.72,168.72,168.72,168.72,168.72,168.72,168.72,168.72,168.72,168.72,168.72,168.72,168.72,168.72,168.72,168.72,168.72,168.72,168.72,168.72,168.72,168.72,168.72,168.72,168.72,168.72,168.72,168.72,168.72,168.72,168.72,168.72,168.72,168.72,168.72,168.72
2023-03-24 11:00:00,169.12,169.12,169.12,169.12,169.12,169.12,169.12,169.12,169.12,169.12,169.12,169.12,169.12,169.12,169.12,169.12,169.12,169.12,169.12,169.12,169.12,169.12,169.12,169.12,169.12,169.12,169.12,169.12,169.12,169.12,169.12,169.12,169.12,169.12,169.12,169.12,169.12,169.12,169.12,169.12,169.12,169.12
2023-03-27 11:00:00,170.16,170.16,170.16,170.16,170.16,170.16,170.16,170.16,170.16,170.16,170.16,170.16,170.16,170.16,170.16,170.16,170.16,170.16,170.16,170.16,170.16,170.16,170.16,170.16,170.16,170.16,170.16,170.16,170.16,170.16,170.16,170.16,170.16,170.16,170.16,170.16,170.16,170.16,170.16,170.16,170.16,170.16
2023-03-28 11:00:00,172.9,172.9,172.9,172.9,172.9,172.9,172.9,172.9,172.9,172.9,172.9,172.9,172.9,172.9,172.9,172.9,172.9,172.9,172.9,172.9,172.9,172.9,172.9,172.9,172.9,172.9,172.9,172.9,172.9,172.9,172.9,172.9,172.9,172.9,172.9,172.9,172.9,172.9,172.9,172.9,172.9,172.9
2023-03-29 11:00:00,171.57,171.57,171.57,171.57,171.57,171.57,171.57,171.57,171.57,171.57,171.57,171.57,171.57,171.57,171.57,171.57,171.57,171.57,171.57,171.57,171.57,171.57,171.57,171.57,171.57,171.57,171.57,171.57,171.57,171.57,171.57,171.57,171.57,171.57,171.57,171.57,171.57,171.57,171.57,171.57,171.57,171.57
2023-03-30 11:00:00,170.76,170.76,170.76,170.76,170.76,170.76,170.76,170.76,170.76,170.76,170.76,170.76,170.76,170.76,170.76,170.76,170.76,170.76,170.76,170.76,170.76,170.76,170.76,170.76,170.76,170.76,170.76,170.76,170.76,170.76,170.76,170.76,170.76,170.76,170.76,170.76,170.76,170.76,170.76,170.76,170.76,170.76
2023-03-31 11:00:00,172.0,172.0,172.0,172.0,172.0,172.0,172.0,172.0,172.0,172.0,172.0,172.0,172.0,172.0,172.0,172.0,172.0,172.0,172.0,172.0,172.0,172.0,172.0,172.0,172.0,172.0,172.0,172.0,172.0,172.0,172.0,172.0,172.0,172.0,172.0,172.0,172.0,172.0,172.0,172.0,172.0,172.0
2023-04-03 11:00:00,170.98,170.98,170.98,170.98,170.98,170.98,170.98,170.98,170.98,170.98,170.98,170.98,170.98,170.98,170.98,170.98,170.98,170.98,170.98,170.98,170.98,170.98,170.98,170.98,170.98,170.98,170.98,170.98,170.98,170.98,170.98,170.98,170.98,170.98,170.98,170.98,170.98,170.98,170.98,170.98,170.98,170.98
2023-04-04 11:00:00,170.99,170.99,170.99,170.99,170.99,170.99,170.99,170.99,170.99,170.99,170.99,170.99,170.99,170.99,170.99,170.99,170.99,170.99,170.99,170.99,170.99,170.99,170.99,170.99,170.99,170.99,170.99,170.99,170.99,170.99,170.99,170.99,170.99,170.99,170.99,170.99,170.99,170.99,170.99,170.99,170.99,170.99
2023-04-05 11:00:00,172.55,172.55,172.55,172.55,172.55,172.55,172.55,172.55,172.55,172.55,172.55,172.55,172.55,172.55,172.55,172.55,172.55,172.55,172.55,172.55,172.55,172.55,172.55,172.55,172.55,172.55,172.55,172.55,172.55,172.55,172.55,172.55,172.55,172.55,172.55,172.55,172.55,172.55,172.55,172.55,172.55,172.55
2023-04-06 11:00:00,174.02,174.02,174.02,174.02,174.02,174.02,174.02,174.02,174.02,174.02,174.02,174.02,174.02,174.02,174.02,174.02,174.02,174.02,174.02,174.02,174.02,174.02,174.02,174.02,174.02,174.02,174.02,174.02,174.02,174.02,174.02,174.02,174.02,174.02,174.02,174.02,174.02,174.02,174.02,174.02,174.02,174.02
2023-04-07 11:00:00,171.51,171.51,171.51,171.51,171.51,171.51,171.51,171.51,171.51,171.51,171.51,171.51,171.51,171.51,171.51,171.51,171.51,171.51,171.51,171.51,171.51,171.51,171.51,171.51,171.51,171.51,171.51,171.51,171.51,171.51,171.51,171.51,171.51,171.51,171.51,171.51,171.51,171.51,171.51,171.51,171.51,171.51
2023-04-10 11:00:00,173.58,173.58,173.58,173.58,173.58,173.58,173.58,173.58,173.58,173.58,173.58,173.58,173.58,173.58,173.58,173.58,173.58,173.58,173.58,173.58,173.58,173.58,173.58,173.58,173.58,173.58,173.58,173.58,173.58,173.58,173.58,173.58,173.58,173.58,173.58,173.58,173.58,173.58,173.58,173.58,173.58,173.58
2023-04-11 11:00:00,175.45,175.45,175.45,175.45,175.45,175.45,175.45,175.45,175.45,175.45,175.45,175.45,175.45,175.45,175.45,175.45,175.45,175.45,175.45,175.45,175.45,175.45,175.45,175.45,175.45,175.45,175.45,175.45,175.45,175.45,175.45,175.45,175.45,175.45,175.45,175.45,175.45,175.45,175.45,175.45,175.45,175.45
2023-04-12 11:00:00,178.3,178.3,178.3,178.3,178.3,178.3,178.3,178.3,178.3,178.3,178.3,178.3,178.3,178.3,178.3,178.3,178.3,178.3,178.3,178.3,178.3,178.3,178.3,178.3,178.3,178.3,178.3,178.3,178.3,178.3,178.3,178.3,178.3,178.3,178.3,178.3,178.3,178.3,178.3,178.3,178.3,178.3
2023-04-13 11:00:00,179.1,179.1,179.1,179.1,179.1,179.1,179.1,179.1,179.1,179.1,179.1,179.1,179.1,179.1,179.1,179.1,179.1,179.1,179.1,179.1,179.1,179.1,179.1,179.1,179.1,179.1,179.1,179.1,179.1,179.1,179.1,179.1,179.1,179.1,179.1,179.1,179.1,179.1,179.1,179.1,179.1,179.1
2023-04-14 11:00:00,179.01,179.01,179.01,179.01,179.01,179.01,179.01,179.01,179.01,179.01,179.01,179.01,179.01,179.01,179.01,179.01,179.01,179.01,179.01,179.01,179.01,179.01,179.01,179.01,179.01,179.01,179.01,179.01,179.01,179.01,179.01,179.01,179.01,179.01,179.01,179.01,179.01,179.01,179.01,179.01,179.01,179.01
2023-04-17 11:00:00,180.78,180.78,180.78,180.78,180.78,180.78,180.78,180.78,180.78,180.78,180.78,180.78,180.78,180.78,180.78,180.78,180.78,180.78,180.78,180.78,180.78,180.78,180.78,180.78,180.78,180.78,180.78,180.78,180.78,180.78,180.78,180.78,180.78,180.78,180.78,180.78,180.78,180.78,180.78,180.78,180.78,180.78
2023-04-18 11:00:00,182.31,182.31,182.31,182.31,182.31,182.31,182.31,182.31,182.31,182.31,182.31,182.31,182.31,182.31,182.31,182.31,182.31,182.31,182.31,182.31,182.31,182.31,182.31,182.31,182.31,182.31,182.31,182.31,182.31,182.31,182.31,182.31,182.31,182.31,182.31,182.31,182.31,182.31,182.31,182.31,182.31,182.31
2023-04-19 11:00:00,184.3,184.3,184.3,184.3,184.3,184.3,184.3,184.3,184.3,184.3,184.3,184.3,184.3,184.3,184.3,184.3,184.3,184.3,184.3,184.3,184.3,184.3,184.3,184.3,184.3,184.3,184.3,184.3,184.3,184.3,184.3,184.3,184.3,184.3,184.3,184.3,184.3,184.3,184.3,184.3,184.3,184.3
2023-04-20 11:00:00,182.04,182.04,182.04,182.04,182.04,182.04,182.04,182.04,182.04,182.04,182.04,182.04,182.04,182.04,182.04,182.04,182.04,182.04,182.04,182.04,182.04,182.04,182.04,182.04,182.04,182.04,182.04,182.04,182.04,182.04,182.04,182.04,182.04,182.04,182.04,182.04,182.04,182.04,182.04,182.04,182.04,182.04
2023-04-21 11:00:00,181.99,181.99,181.99,181.99,181.99,181.99,181.99,181.99,181.99,181.99,181.99,181.99,181.99,181.99,181.99,181.99,181.99,181.99,181.99,181.99,181.99,181.99,181.99,181.99,181.99,181.99,181.99,181.99,181.99,181.99,181.99,181.99,181.99,181.99,181.99,181.99,181.99,181.99,181.99,181.99,181.99,181.99
2023-04-24 11:00:00,181.4,181.4,181.4,181.4,181.4,181.4,181.4,181.4,181.4,181.4,181.4,181.4,181.4,181.4,181.4,181.4,181.4,181.4,181.4,181.4,181.4,181.4,181.4,181.4,181.4,181.4,181.4,181.4,181.4,181.4,181.4,181.4,181.4,181.4,181.4,181.4,181.4,181.4,181.4,181.4,181.4,181.4
2023-04-25 11:00:00,181.5,181.5,181.5,181.5,181.5,181.5,181.5,181.5,181.5,181.5,181.5,181.5,181.5,181.5,181.5,181.5,181.5,181.5,181.5,181.5,181.5,181.5,181.5,181.5,181.5,181.5,181.5,181.5,181.5,181.5,181.5,181.5,181.5,181.5,181.5,181.5,181.5,181.5,181.5,181.5,181.5,181.5
2023-04-26 11:00:00,179.05,179.05,179.05,179.05,179.05,179.05,179.05,179.05,179.05,179.05,179.05,179.05,179.05,179.05,179.05,179.05,179.05,179.05,179.05,179.05,179.05,179.05,179.05,179.05,179.05,179.05,179.05,179.05,179.05,179.05,179.05,179.05,179.05,179.05,179.05,179.05,179.05,179.05,179.05,179.05,179.05,179.05
2023-04-27 11:00:00,178.23,178.23,178.23,178.23,178.23,178.23,178.23,178.23,178.23,178.23,178.23,178.23,178.23,178.23,178.23,178.23,178.23,178.23,178.23,178.23,178.23,178.23,178.23,178.23,178.23,178.23,178.23,178.23,178.23,178.23,178.23,178.23,178.23,178.23,178.23,178.23,178.23,178.23,178.23,178.23,178.23,178.23
2023-04-28 11:00:00,184.39,184.39,184.39,184.39,184.39,184.39,184.39,184.39,184.39,184.39,184.39,184.39,184.39,184.39,184.39,184.39,184.39,184.39,184.39,184.39,184.39,184.39,184.39,184.39,184.39,184.39,184.39,184.39,184.39,184.39,184.39,184.39,184.39,184.39,184.39,184.39,184.39,184.39,184.39,184.39,184.39,184.39
2023-05-02 11:00:00,181.01,181.01,181.01,181.01,181.01,181.01,181.01,181.01,181.01,181.01,181.01,181.01,181.01,181.01,181.01,181.01,181.01,181.01,181.01,181.01,181.01,181.01,181.01,181.01,181.01,181.01,181.01,181.01,181.01,181.01,181.01,181.01,181.01,181.01,181.01,181.01,181.01,181.01,181.01,181.01,181.01,181.01
2023-05-03 11:00:00,177.75,177.75,177.75,177.75,177.75,177.75,177.75,177.75,177.75,177.75,177.75,177.75,177.75,177.75,177.75,177.75,177.75,177.75,177.75,177.75,177.75,177.75,177.75,177.75,177.75,177.75,177.75,177.75,177.75,177.75,177.75,177.75,177.75,177.75,177.75,177.75,177.75,177.75,177.75,177.75,177.75,177.75
2023-05-04 11:00:00,173.29,173.29,173.29,173.29,173.29,173.29,173.29,173.29,173.29,173.29,173.29,173.29,173.29,173.29,173.29,173.29,173.29,173.29,173.29,173.29,173.29,173.29,173.29,173.29,173.29,173.29,173.29,173.29,173.29,173.29,173.29,173.29,173.29,173.29,173.29,173.29,173.29,173.29,173.29,173.29,173.29,173.29
2023-05-05 11:00:00,173.66,173.66,173.66,173.66,173.66,173.66,173.66,173.66,173.66,173.66,173.66,173.66,173.66,173.66,173.66,173.66,173.66,173.66,173.66,173.66,173.66,173.66,173.66,173.66,173.66,173.66,173.66,173.66,173.66,173.66,173.66,173.66,173.66,173.66,173.66,173.66,173.66,173.66,173.66,173.66,173.66,173.66
2023-05-08 11:00:00,172.61,172.61,172.61,172.61,172.61,172.61,172.61,172.61,172.61,172.61,172.61,172.61,172.61,172.61,172.61,172.61,172.61,172.61,172.61,172.61,172.61,172.61,172.61,172.61,172.61,172.61,172.61,172.61,172.61,172.61,172.61,172.61,172.61,172.61,172.61,172.61,172.61,172.61,172.61,172.61,172.61,172.61
2023-05-10 11:00:00,171.29,171.29,171.29,171.29,171.29,171.29,171.29,171.29,171.29,171.29,171.29,171.29,171.29,171.29,171.29,171.29,171.29,171.29,171.29,171.29,171.29,171.29,171.29,171.29,171.29,171.29,171.29,171.29,171.29,171.29,171.29,171.29,171.29,171.29,171.29,171.29,171.29,171.29,171.29,171.29,171.29,171.29
2023-05-11 11:00:00,176.16,176.16,176.16,176.16,176.16,176.16,176.16,176.16,176.16,176.16,176.16,176.16,176.16,176.16,176.16,176.16,176.16,176.16,176.16,176.16,176.16,176.16,176.16,176.16,176.16,176.16,176.16,176.16,176.16,176.16,176.16,176.16,176.16,176.16,176.16,176.16,176.16,176.16,176.16,176.16,176.16,176.16
2023-05-12 11:00:00,174.29,174.29,174.29,174.29,174.29,174.29,174.29,174.29,174.29,174.29,174.29,174.29,174.29,174.29,174.29,174.29,174.29,174.29,174.29,174.29,174.29,174.29,174.29,174.29,174.29,174.29,174.29,174.29,174.29,174.29,174.29,174.29,174.29,174.29,174.29,174.29,174.29,174.29,174.29,174.29,174.29,174.29
2023-05-15 11:00:00,174.68,174.68,174.68,174.68,174.68,174.68,174.68,174.68,174.68,174.68,174.68,174.68,174.68,174.68,174.68,174.68,174.68,174.68,174.68,174.68,174.68,174.68,174.68,174.68,174.68,174.68,174.68,174.68,174.68,174.68,174.68,174.68,174.68,174.68,174.68,174.68,174.68,174.68,174.68,174.68,174.68,174.68
2023-05-16 11:00:00,179.9,179.9,179.9,179.9,179.9,179.9,179.9,179.9,179.9,179.9,179.9,179.9,179.9,179.9,179.9,179.9,179.9,179.9,179.9,179.9,179.9,179.9,179.9,179.9,179.9,179.9,179.9,179.9,179.9,179.9,179.9,179.9,179.9,179.9,179.9,179.9,179.9,179.9,179.9,179.9,179.9,179.9
2023-05-17 11:00:00,176.9,176.9,176.9,176.9,176.9,176.9,176.9,176.9,176.9,176.9,176.9,176.9,176.9,176.9,176.9,176.9,176.9,176.9,176.9,176.9,176.9,176.9,176.9,176.9,176.9,176.9,176.9,176.9,176.9,176.9,176.9,176.9,176.9,176.9,176.9,176.9,176.9,176.9,176.9,176.9,176.9,176.9
2023-05-18 11:00:00,176.45,176.45,176.45,176.45,176.45,176.45,176.45,176.45,176.45,176.45,176.45,176.45,176.45,176.45,176.45,176.45,176.45,176.45,176.45,176.45,176.45,176.45,176.45,176.45,176.45,176.45,176.45,176.45,176.45,176.45,176.45,176.45,176.45,176.45,176.45,176.45,176.45,176.45,176.45,176.45,176.45,176.45
2023-05-19 11:00:00,174.94,174.94,174.94,174.94,174.94,174.94,174.94,174.94,174.94,174.94,174.94,174.94,174.94,174.94,174.94,174.94,174.94,174.94,174.94,174.94,174.94,174.94,174.94,174.94,174.94,174.94,174.94,174.94,174.94,174.94,174.94,174.94,174.94,174.94,174.94,174.94,174.94,174.94,174.94,174.94,174.94,174.94
2023-05-22 11:00:00,175.23,175.23,175.23,175.23,175.23,175.23,175.23,175.23,175.23,175.23,175.23,175.23,175.23,175.23,175.23,175.23,175.23,175.23,175.23,175.23,175.23,175.23,175.23,175.23,175.23,175.23,175.23,175.23,175.23,175.23,175.23,175.23,175.23,175.23,175.23,175.23,175.23,175.23,175.23,175.23,175.23,175.23
2023-05-23 11:00:00,172.8,172.8,172.8,172.8,172.8,172.8,172.8,172.8,172.8,172.8,172.8,172.8,172.8,172.8,172.8,172.8,172.8,172.8,172.8,172.8,172.8,172.8,172.8,172.8,172.8,172.8,172.8,172.8,172.8,172.8,172.8,172.8,172.8,172.8,172.8,172.8,172.8,172.8,172.8,172.8,172.8,172.8
2023-05-24 11:00:00,165.52,165.52,165.52,165.52,165.52,165.52,165.52,165.52,165.52,165.52,165.52,165.52,165.52,165.52,165.52,165.52,165.52,165.52,165.52,165.52,165.52,165.52,165.52,165.52,165.52,165.52,165.52,165.52,165.52,165.52,165.52,165.52,165.52,165.52,165.52,165.52,165.52,165.52,165.52,165.52,165.52,165.52
2023-05-25 11:00:00,162.99,162.99,162.99,162.99,162.99,162.99,162.99,162.99,162.99,162.99,162.99,162.99,162.99,162.99,162.99,162.99,162.99,162.99,162.99,162.99,162.99,162.99,162.99,162.99,162.99,162.99,162.99,162.99,162.99,162.99,162.99,162.99,162.99,162.99,162.99,162.99,162.99,162.99,162.99,162.99,162.99,162.99
2023-05-26 11:00:00,162.01,162.01,162.01,162.01,162.01,162.01,162.01,162.01,162.01,162.01,162.01,162.01,162.01,162.01,162.01,162.01,162.01,162.01,162.01,162.01,162.01,162.01,162.01,162.01,162.01,162.01,162.01,162.01,162.01,162.01,162.01,162.01,162.01,162.01,162.01,162.01,162.01,162.01,162.01,162.01,162.01,162.01
2023-05-29 11:00:00,165.9,165.9,165.9,165.9,165.9,165.9,165.9,165.9,165.9,165.9,165.9,165.9,165.9,165.9,165.9,165.9,165.9,165.9,165.9,165.9,165.9,165.9,165.9,165.9,165.9,165.9,165.9,165.9,165.9,165.9,165.9,165.9,165.9,165.9,165.9,165.9,165.9,165.9,165.9,165.9,165.9,165.9
2023-05-30 11:00:00,162.15,162.15,162.15,162.15,162.15,162.15,162.15,162.15,162.15,162.15,162.15,162.15,162.15,162.15,162.15,162.15,162.15,162.15,162.15,162.15,162.15,162.15,162.15,162.15,162.15,162.15,162.15,162.15,162.15,162.15,162.15,162.15,162.15,162.15,162.15,162.15,162.15,162.15,162.15,162.15,162.15,162.15
2023-05-31 11:00:00,161.51,161.51,161.51,161.51,161.51,161.51,161.51,161.51,161.51,161.51,161.51,161.51,161.51,161.51,161.51,161.51,161.51,161.51,161.51,161.51,161.51,161.51,161.51,161.51,161.51,161.51,161.51,161.51,161.51,161.51,161.51,161.51,161.51,161.51,161.51,161.51,161.51,161.51,161.51,161.51,161.51,161.51
2023-06-01 11:00:00,162.88,162.88,162.88,162.88,162.88,162.88,162.88,162.88,162.88,162.88,162.88,162.88,162.88,162.88,162.88,162.88,162.88,162.88,162.88,162.88,162.88,162.88,162.88,162.88,162.88,162.88,162.88,162.88,162.88,162.88,162.88,162.88,162.88,162.88,162.88,162.88,162.88,162.88,162.88,162.88,162.88,162.88
2023-06-02 11:00:00,161.42,161.42,161.42,161.42,161.42,161.42,161.42,161.42,161.42,161.42,161.42,161.42,161.42,161.42,161.42,161.42,161.42,161.42,161.42,161.42,161.42,161.42,161.42,161.42,161.42,161.42,161.42,161.42,161.42,161.42,161.42,161.42,161.42,161.42,161.42,161.42,161.42,161.42,161.42,161.42,161.42,161.42
2023-06-05 11:00:00,162.58,162.58,162.58,162.58,162.58,162.58,162.58,162.58,162.58,162.58,162.58,162.58,162.58,162.58,162.58,162.58,162.58,162.58,162.58,162.58,162.58,162.58,162.58,162.58,162.58,162.58,162.58,162.58,162.58,162.58,162.58,162.58,162.58,162.58,162.58,162.58,162.58,162.58,162.58,162.58,162.58,162.58
2023-06-06 11:00:00,162.19,162.19,162.19,162.19,162.19,162.19,162.19,162.19,162.19,162.19,162.19,162.19,162.19,162.19,162.19,162.19,162.19,162.19,162.19,162.19,162.19,162.19,162.19,162.19,162.19,162.19,162.19,162.19,162.19,162.19,162.19,162.19,162.19,162.19,162.19,162.19,162.19,162.19,162.19,162.19,162.19,162.19
2023-06-07 11:00:00,163.24,163.24,163.24,163.24,163.24,163.24,163.24,163.24,163.24,163.24,163.24,163.24,163.24,163.24,163.24,163.24,163.24,163.24,163.24,163.24,163.24,163.24,163.24,163.24,163.24,163.24,163.24,163.24,163.24,163.24,163.24,163.24,163.24,163.24,163.24,163.24,163.24,163.24,163.24,163.24,163.24,163.24
2023-06-08 11:00:00,164.69,164.69,164.69,164.69,164.69,164.69,164.69,164.69,164.69,164.69,164.69,164.69,164.69,164.69,164.69,164.69,164.69,164.69,164.69,164.69,164.69,164.69,164.69,164.69,164.69,164.69,164.69,164.69,164.69,164.69,164.69,164.69,164.69,164.69,164.69,164.69,164.69,164.69,164.69,164.69,164.69,164.69
2023-06-09 11:00:00,166.48,166.48,166.48,166.48,166.48,166.48,166.48,166.48,166.48,166.48,166.48,166.48,166.48,166.48,166.48,166.48,166.48,166.48,166.48,166.48,166.48,166.48,166.48,166.48,166.48,166.48,166.48,166.48,166.48,166.48,166.48,166.48,166.48,166.48,166.48,166.48,166.48,166.48,166.48,166.48,166.48,166.48
2023-06-13 11:00:00,165.65,165.65,165.65,165.65,165.65,165.65,165.65,165.65,165.65,165.65,165.65,165.65,165.65,165.65,165.65,165.65,165.65,165.65,165.65,165.65,165.65,165.65,165.65,165.65,165.65,165.65,165.65,165.65,165.65,165.65,165.65,165.65,165.65,165.65,165.65,165.65,165.65,165.65,165.65,165.65,165.65,165.65
2023-06-14 11:00:00,168.64,168.64,168.64,168.64,168.64,168.64,168.64,168.64,168.64,168.64,168.64,168.64,168.64,168.64,168.64,168.64,168.64,168.64,168.64,168.64,168.64,168.64,168.64,168.64,168.64,168.64,168.64,168.64,168.64,168.64,168.64,168.64,168.64,168.64,168.64,168.64,168.64,168.64,168.64,168.64,168.64,168.64
2023-06-15 11:00:00,168.04,168.04,168.04,168.04,168.04,168.04,168.04,168.04,168.04,168.04,168.04,168.04,168.04,168.04,168.04,168.04,168.04,168.04,168.04,168.04,168.04,168.04,168.04,168.04,168.04,168.04,168.04,168.04,168.04,168.04,168.04,168.04,168.04,168.04,168.04,168.04,168.04,168.04,168.04,168.04,168.04,168.04
2023-06-16 11:00:00,171.85,171.85,171.85,171.85,171.85,171.85,171.85,171.85,171.85,171.85,171.85,171.85,171.85,171.85,171.85,171.85,171.85,171.85,171.85,171.85,171.85,171.85,171.85,171.85,171.85,171.85,171.85,171.85,171.85,171.85,171.85,171.85,171.85,171.85,171.85,171.85,171.85,171.85,171.85,171.85,171.85,171.85
2023-06-19 11:00:00,170.26,170.26,170.26,170.26,170.26,170.26,170.26,170.26,170.26,170.26,170.26,170.26,170.26,170.26,170.26,170.26,170.26,170.26,170.26,170.26,170.26,170.26,170.26,170.26,170.26,170.26,170.26,170.26,170.26,170.26,170.26,170.26,170.26,170.26,170.26,170.26,170.26,170.26,170.26,170.26,170.26,170.26
2023-06-20 11:00:00,170.06,170.06,170.06,170.06,170.06,170.06,170.06,170.06,170.06,170.06,170.06,170.06,170.06,170.06,170.06,170.06,170.06,170.06,170.06,170.06,170.06,170.06,170.06,170.06,170.06,170.06,170.06,170.06,170.06,170.06,170.06,170.06,170.06,170.06,170.06,170.06,170.06,170.06,170.06,170.06,170.06,170.06
2023-06-21 11:00:00,170.17,170.17,170.17,170.17,170.17,170.17,170.17,170.17,170.17,170.17,170.17,170.17,170.17,170.17,170.17,170.17,170.17,170.17,170.17,170.17,170.17,170.17,170.17,170.17,170.17,170.17,170.17,170.17,170.17,170.17,170.17,170.17,170.17,170.17,170.17,170.17,170.17,170.17,170.17,170.17,170.17,170.17
2023-06-22 11:00:00,170.06,170.06,170.06,170.06,170.06,170.06,170.06,170.06,170.06,170.06,170.06,170.06,170.06,170.06,170.06,170.06,170.06,170.06,170.06,170.06,170.06,170.06,170.06,170.06,170.06,170.06,170.06,170.06,170.06,170.06,170.06,170.06,170.06,170.06,170.06,170.06,170.06,170.06,170.06,170.06,170.06,170.06
2023-06-23 11:00:00,168.19,168.19,168.19,168.19,168.19,168.19,168.19,168.19,168.19,168.19,168.19,168.19,168.19,168.19,168.19,168.19,168.19,168.19,168.19,168.19,168.19,168.19,168.19,168.19,168.19,168.19,168.19,168.19,168.19,168.19,168.19,168.19,168.19,168.19,168.19,168.19,168.19,168.19,168.19,168.19,168.19,168.19
2023-06-26 11:00:00,167.54,167.54,167.54,167.54,167.54,167.54,167.54,167.54,167.54,167.54,167.54,167.54,167.54,167.54,167.54,167.54,167.54,167.54,167.54,167.54,167.54,167.54,167.54,167.54,167.54,167.54,167.54,167.54,167.54,167.54,167.54,167.54,167.54,167.54,167.54,167.54,167.54,167.54,167.54,167.54,167.54,167.54
2023-06-27 11:00:00,167.44,167.44,167.44,167.44,167.44,167.44,167.44,167.44,167.44,167.44,167.44,167.44,167.44,167.44,167.44,167.44,167.44,167.44,167.44,167.44,167.44,167.44,167.44,167.44,167.44,167.44,167.44,167.44,167.44,167.44,167.44,167.44,167.44,167.44,167.44,167.44,167.44,167.44,167.44,167.44,167.44,167.44
2023-06-28 11:00:00,166.7,166.7,166.7,166.7,166.7,166.7,166.7,166.7,166.7,166.7,166.7,166.7,166.7,166.7,166.7,166.7,166.7,166.7,166.7,166.7,166.7,166.7,166.7,166.7,166.7,166.7,166.7,166.7,166.7,166.7,166.7,166.7,166.7,166.7,166.7,166.7,166.7,166.7,166.7,166.7,166.7,166.7
2023-06-29 11:00:00,168.08,168.08,168.08,168.08,168.08,168.08,168.08,168.08,168.08,168.08,168.08,168.08,168.08,168.08,168.08,168.08,168.08,168.08,168.08,168.08,168.08,168.08,168.08,168.08,168.08,168.08,168.08,168.08,168.08,168.08,168.08,168.08,168.08,168.08,168.08,168.08,168.08,168.08,168.08,168.08,168.08,168.08
2023-06-30 11:00:00,167.2,167.2,167.2,167.2,167.2,167.2,167.2,167.2,167.2,167.2,167.2,167.2,167.2,167.2,167.2,167.2,167.2,167.2,167.2,167.2,167.2,167.2,167.2,167.2,167.2,167.2,167.2,167.2,167.2,167.2,167.2,167.2,167.2,167.2,167.2,167.2,167.2,167.2,167.2,167.2,167.2,167.2
2023-07-03 11:00:00,167.28,167.28,167.28,167.28,167.28,167.28,167.28,167.28,167.28,167.28,167.28,167.28,167.28,167.28,167.28,167.28,167.28,167.28,167.28,167.28,167.28,167.28,167.28,167.28,167.28,167.28,167.28,167.28,167.28,167.28,167.28,167.28,167.28,167.28,167.28,167.28,167.28,167.28,167.28,167.28,167.28,167.28
2023-07-04 11:00:00,166.89,166.89,166.89,166.89,166.89,166.89,166.89,166.89,166.89,166.89,166.89,166.89,166.89,166.89,166.89,166.89,166.89,166.89,166.89,166.89,166.89,166.89,166.89,166.89,166.89,166.89,166.89,166.89,166.89,166.89,166.89,166.89,166.89,166.89,166.89,166.89,166.89,166.89,166.89,166.89,166.89,166.89
2023-07-05 11:00:00,166.03,166.03,166.03,166.03,166.03,166.03,166.03,166.03,166.03,166.03,166.03,166.03,166.03,166.03,166.03,166.03,166.03,166.03,166.03,166.03,166.03,166.03,166.03,166.03,166.03,166.03,166.03,166.03,166.03,166.03,166.03,166.03,166.03,166.03,166.03,166.03,166.03,166.03,166.03,166.03,166.03,166.03
2023-07-06 11:00:00,166.01,166.01,166.01,166.01,166.01,166.01,166.01,166.01,166.01,166.01,166.01,166.01,166.01,166.01,166.01,166.01,166.01,166.01,166.01,166.01,166.01,166.01,166.01,166.01,166.01,166.01,166.01,166.01,166.01,166.01,166.01,166.01,166.01,166.01,166.01,166.01,166.01,166.01,166.01,166.01,166.01,166.01
2023-07-07 11:00:00,166.5,166.5,166.5,166.5,166.5,166.5,166.5,166.5,166.5,166.5,166.5,166.5,166.5,166.5,166.5,166.5,166.5,166.5,166.5,166.5,166.5,166.5,166.5,166.5,166.5,166.5,166.5,166.5,166.5,166.5,166.5,166.5,166.5,166.5,166.5,166.5,166.5,166.5,166.5,166.5,166.5,166.5
2023-07-10 11:00:00,167.6,167.6,167.6,167.6,167.6,167.6,167.6,167.6,167.6,167.6,167.6,167.6,167.6,167.6,167.6,167.6,167.6,167.6,167.6,167.6,167.6,167.6,167.6,167.6,167.6,167.6,167.6,167.6,167.6,167.6,167.6,167.6,167.6,167.6,167.6,167.6,167.6,167.6,167.6,167.6,167.6,167.6
2023-07-11 11:00:00,167.69,167.69,167.69,167.69,167.69,167.69,167.69,167.69,167.69,167.69,167.69,167.69,167.69,167.69,167.69,167.69,167.69,167.69,167.69,167.69,167.69,167.69,167.69,167.69,167.69,167.69,167.69,167.69,167.69,167.69,167.69,167.69,167.69,167.69,167.69,167.69,167.69,167.69,167.69,167.69,167.69,167.69
2023-07-12 11:00:00,168.99,168.99,168.99,168.99,168.99,168.99,168.99,168.99,168.99,168.99,168.99,168.99,168.99,168.99,168.99,168.99,168.99,168.99,168.99,168.99,168.99,168.99,168.99,168.99,168.99,168.99,168.99,168.99,168.99,168.99,168.99,168.99,168.99,168.99,168.99,168.99,168.99,168.99,168.99,168.99,168.99,168.99
2023-07-13 11:00:00,170.54,170.54,170.54,170.54,170.54,170.54,170.54,170.54,170.54,170.54,170.54,170.54,170.54,170.54,170.54,170.54,170.54,170.54,170.54,170.54,170.54,170.54,170.54,170.54,170.54,170.54,170.54,170.54,170.54,170.54,170.54,170.54,170.54,170.54,170.54,170.54,170.54,170.54,170.54,170.54,170.54,170.54
2023-07-14 11:00:00,168.56,168.56,168.56,168.56,168.56,168.56,168.56,168.56,168.56,168.56,168.56,168.56,168.56,168.56,168.56,168.56,168.56,168.56,168.56,168.56,168.56,168.56,168.56,168.56,168.56,168.56,168.56,168.56,168.56,168.56,168.56,168.56,168.56,168.56,168.56,168.56,168.56,168.56,168.56,168.56,168.56,168.56
2023-07-17 11:00:00,169.01,169.01,169.01,169.01,169.01,169.01,169.01,169.01,169.01,169.01,169.01,169.01,169.01,169.01,169.01,169.01,169.01,169.01,169.01,169.01,169.01,169.01,169.01,169.01,169.01,169.01,169.01,169.01,169.01,169.01,169.01,169.01,169.01,169.01,169.01,169.01,169.01,169.01,169.01,169.01,169.01,169.01
2023-07-18 11:00:00,171.01,171.01,171.01,171.01,171.01,171.01,171.01,171.01,171.01,171.01,171.01,171.01,171.01,171.01,171.01,171.01,171.01,171.01,171.01,171.01,171.01,171.01,171.01,171.01,171.01,171.01,171.01,171.01,171.01,171.01,171.01,171.01,171.01,171.01,171.01,171.01,171.01,171.01,171.01,171.01,171.01,171.01
2023-07-19 11:00:00,175.49,175.49,175.49,175.49,175.49,175.49,175.49,175.49,175.49,175.49,175.49,175.49,175.49,175.49,175.49,175.49,175.49,175.49,175.49,175.49,175.49,175.49,175.49,175.49,175.49,175.49,175.49,175.49,175.49,175.49,175.49,175.49,175.49,175.49,175.49,175.49,175.49,175.49,175.49,175.49,175.49,175.49
2023-07-20 11:00:00,172.68,172.68,172.68,172.68,172.68,172.68,172.68,172.68,172.68,172.68,172.68,172.68,172.68,172.68,172.68,172.68,172.68,172.68,172.68,172.68,172.68,172.68,172.68,172.68,172.68,172.68,172.68,172.68,172.68,172.68,172.68,172.68,172.68,172.68,172.68,172.68,172.68,172.68,172.68,172.68,172.68,172.68
2023-07-21 11:00:00,170.35,170.35,170.35,170.35,170.35,170.35,170.35,170.35,170.35,170.35,170.35,170.35,170.35,170.35,170.35,170.35,170.35,170.35,170.35,170.35,170.35,170.35,170.35,170.35,170.35,170.35,170.35,170.35,170.35,170.35,170.35,170.35,170.35,170.35,170.35,170.35,170.35,170.35,170.35,170.35,170.35,170.35
2023-07-24 11:00:00,171.32,171.32,171.32,171.32,171.32,171.32,171.32,171.32,171.32,171.32,171.32,171.32,171.32,171.32,171.32,171.32,171.32,171.32,171.32,171.32,171.32,171.32,171.32,171.32,171.32,171.32,171.32,171.32,171.32,171.32,171.32,171.32,171.32,171.32,171.32,171.32,171.32,171.32,171.32,171.32,171.32,171.32
2023-07-25 11:00:00,172.2,172.2,172.2,172.2,172.2,172.2,172.2,172.2,172.2,172.2,172.2,172.2,172.2,172.2,172.2,172.2,172.2,172.2,172.2,172.2,172.2,172.2,172.2,172.2,172.2,172.2,172.2,172.2,172.2,172.2,172.2,172.2,172.2,172.2,172.2,172.2,172.2,172.2,172.2,172.2,172.2,172.2
2023-07-26 11:00:00,171.86,171.86,171.86,171.86,171.86,171.86,171.86,171.86,171.86,171.86,171.86,171.86,171.86,171.86,171.86,171.86,171.86,171.86,171.86,171.86,171.86,171.86,171.86,171.86,171.86,171.86,171.86,171.86,171.86,171.86,171.86,171.86,171.86,171.86,171.86,171.86,171.86,171.86,171.86,171.86,171.86,171.86
2023-07-27 11:00:00,171.64,171.64,171.64,171.64,171.64,171.64,171.64,171.64,171.64,171.64,171.64,171.64,171.64,171.64,171.64,171.64,171.64,171.64,171.64,171.64,171.64,171.64,171.64,171.64,171.64,171.64,171.64,171.64,171.64,171.64,171.64,171.64,171.64,171.64,171.64,171.64,171.64,171.64,171.64,171.64,171.64,171.64
2023-07-28 11:00:00,171.98,171.98,171.98,171.98,171.98,171.98,171.98,171.98,171.98,171.98,171.98,171.98,171.98,171.98,171.98,171.98,171.98,171.98,171.98,171.98,171.98,171.98,171.98,171.98,171.98,171.98,171.98,171.98,171.98,171.98,171.98,171.98,171.98,171.98,171.98,171.98,171.98,171.98,171.98,171.98,171.98,171.98
2023-07-31 11:00:00,171.98,171.98,171.98,171.98,171.98,171.98,171.98,171.98,171.98,171.98,171.98,171.98,171.98,171.98,171.98,171.98,171.98,171.98,171.98,171.98,171.98,171.98,171.98,171.98,171.98,171.98,171.98,171.98,171.98,171.98,171.98,171.98,171.98,171.98,171.98,171.98,171.98,171.98,171.98,171.98,171.98,171.98
2023-08-01 11:00:00,175.09,175.09,175.09,175.09,175.09,175.09,175.09,175.09,175.09,175.09,175.09,175.09,175.09,175.09,175.09,175.09,175.09,175.09,175.09,175.09,175.09,175.09,175.09,175.09,175.09,175.09,175.09,175.09,175.09,175.09,175.09,175.09,175.09,175.09,175.09,175.09,175.09,175.09,175.09,175.09,175.09,175.09
2023-08-02 11:00:00,172.88,172.88,172.88,172.88,172.88,172.88,172.88,172.88,172.88,172.88,172.88,172.88,172.88,172.88,172.88,172.88,172.88,172.88,172.88,172.88,172.88,172.88,172.88,172.88,172.88,172.88,172.88,172.88,172.88,172.88,172.88,172.88,172.88,172.88,172.88,172.88,172.88,172.88,172.88,172.88,172.88,172.88
2023-08-03 11:00:00,173.93,173.93,173.93,173.93,173.93,173.93,173.93,173.93,173.93,173.93,173.93,173.93,173.93,173.93,173.93,173.93,173.93,173.93,173.93,173.93,173.93,173.93,173.93,173.93,173.93,173.93,173.93,173.93,173.93,173.93,173.93,173.93,173.93,173.93,173.93,173.93,173.93,173.93,173.93,173.93,173.93,173.93
2023-08-04 11:00:00,176.96,176.96,176.96,176.96,176.96,176.96,176.96,176.96,176.96,176.96,176.96,176.96,176.96,176.96,176.96,176.96,176.96,176.96,176.96,176.96,176.96,176.96,176.96,176.96,176.96,176.96,176.96,176.96,176.96,176.96,176.96,176.96,176.96,176.96,176.96,176.96,176.96,176.96,176.96,176.96,176.96,176.96
2023-08-07 11:00:00,174.26,174.26,174.26,174.26,174.26,174.26,174.26,174.26,174.26,174.26,174.26,174.26,174.26,174.26,174.26,174.26,174.26,174.26,174.26,174.26,174.26,174.26,174.26,174.26,174.26,174.26,174.26,174.26,174.26,174.26,174.26,174.26,174.26,174.26,174.26,174.26,174.26,174.26,174.26,174.26,174.26,174.26
2023-08-08 11:00:00,172.2,172.2,172.2,172.2,172.2,172.2,172.2,172.2,172.2,172.2,172.2,172.2,172.2,172.2,172.2,172.2,172.2,172.2,172.2,172.2,172.2,172.2,172.2,172.2,172.2,172.2,172.2,172.2,172.2,172.2,172.2,172.2,172.2,172.2,172.2,172.2,172.2,172.2,172.2,172.2,172.2,172.2
2023-08-09 11:00:00,173.45,173.45,173.45,173.45,173.45,173.45,173.45,173.45,173.45,173.45,173.45,173.45,173.45,173.45,173.45,173.45,173.45,173.45,173.45,173.45,173.45,173.45,173.45,173.45,173.45,173.45,173.45,173.45,173.45,173.45,173.45,173.45,173.45,173.45,173.45,173.45,173.45,173.45,173.45,173.45,173.45,173.45
2023-08-10 11:00:00,175.23,175.23,175.23,175.23,175.23,175.23,175.23,175.23,175.23,175.23,175.23,175.23,175.23,175.23,175.23,175.23,175.23,175.23,175.23,175.23,175.23,175.23,175.23,175.23,175.23,175.23,175.23,175.23,175.23,175.23,175.23,175.23,175.23,175.23,175.23,175.23,175.23,175.23,175.23,175.23,175.23,175.23
2023-08-11 11:00:00,176.79,176.79,176.79,176.79,176.79,176.79,176.79,176.79,176.79,176.79,176.79,176.79,176.79,176.79,176.79,176.79,176.79,176.79,176.79,176.79,176.79,176.79,176.79,176.79,176.79,176.79,176.79,176.79,176.79,176.79,176.79,176.79,176.79,176.79,176.79,176.79,176.79,176.79,176.79,176.79,176.79,176.79
2023-08-14 11:00:00,178.0,178.0,178.0,178.0,178.0,178.0,178.0,178.0,178.0,178.0,178.0,178.0,178.0,178.0,178.0,178.0,178.0,178.0,178.0,178.0,178.0,178.0,178.0,178.0,178.0,178.0,178.0,178.0,178.0,178.0,178.0,178.0,178.0,178.0,178.0,178.0,178.0,178.0,178.0,178.0,178.0,178.0
2023-08-15 11:00:00,175.53,175.53,175.53,175.53,175.53,175.53,175.53,175.53,175.53,175.53,175.53,175.53,175.53,175.53,175.53,175.53,175.53,175.53,175.53,175.53,175.53,175.53,175.53,175.53,175.53,175.53,175.53,175.53,175.53,175.53,175.53,175.53,175.53,175.53,175.53,175.53,175.53,175.53,175.53,175.53,175.53,175.53
2023-08-16 11:00:00,176.26,176.26,176.26,176.26,176.26,176.26,176.26,176.26,176.26,176.26,176.26,176.26,176.26,176.26,176.26,176.26,176.26,176.26,176.26,176.26,176.26,176.26,176.26,176.26,176.26,176.26,176.26,176.26,176.26,176.26,176.26,176.26,176.26,176.26,176.26,176.26,176.26,176.26,176.26,176.26,176.26,176.26
2023-08-17 11:00:00,174.7,174.7,174.7,174.7,174.7,174.7,174.7,174.7,174.7,174.7,174.7,174.7,174.7,174.7,174.7,174.7,174.7,174.7,174.7,174.7,174.7,174.7,174.7,174.7,174.7,174.7,174.7,174.7,174.7,174.7,174.7,174.7,174.7,174.7,174.7,174.7,174.7,174.7,174.7,174.7,174.7,174.7
2023-08-18 11:00:00,174.3,174.3,174.3,174.3,174.3,174.3,174.3,174.3,174.3,174.3,174.3,174.3,174.3,174.3,174.3,174.3,174.3,174.3,174.3,174.3,174.3,174.3,174.3,174.3,174.3,174.3,174.3,174.3,174.3,174.3,174.3,174.3,174.3,174.3,174.3,174.3,174.3,174.3,174.3,174.3,174.3,174.3
2023-08-21 11:00:00,176.24,176.24,176.24,176.24,176.24,176.24,176.24,176.24,176.24,176.24,176.24,176.24,176.24,176.24,176.24,176.24,176.24,176.24,176.24,176.24,176.24,176.24,176.24,176.24,176.24,176.24,176.24,176.24,176.24,176.24,176.24,176.24,176.24,176.24,176.24,176.24,176.24,176.24,176.24,176.24,176.24,176.24
2023-08-22 11:00:00,176.49,176.49,176.49,176.49,176.49,176.49,176.49,176.49,176.49,176.49,176.49,176.49,176.49,176.49,176.49,176.49,176.49,176.49,176.49,176.49,176.49,176.49,176.49,176.49,176.49,176.49,176.49,176.49,176.49,176.49,176.49,176.49,176.49,176.49,176.49,176.49,176.49,176.49,176.49,176.49,176.49,176.49
2023-08-23 11:00:00,176.77,176.77,176.77,176.77,176.77,176.77,176.77,176.77,176.77,176.77,176.77,176.77,176.77,176.77,176.77,176.77,176.77,176.77,176.77,176.77,176.77,176.77,176.77,176.77,176.77,176.77,176.77,176.77,176.77,176.77,176.77,176.77,176.77,176.77,176.77,176.77,176.77,176.77,176.77,176.77,176.77,176.77
2023-08-24 11:00:00,174.08,174.08,174.08,174.08,174.08,174.08,174.08,174.08,174.08,174.08,174.08,174.08,174.08,174.08,174.08,174.08,174.08,174.08,174.08,174.08,174.08,174.08,174.08,174.08,174.08,174.08,174.08,174.08,174.08,174.08,174.08,174.08,174.08,174.08,174.08,174.08,174.08,174.08,174.08,174.08,174.08,174.08
2023-08-25 11:00:00,175.06,175.06,175.06,175.06,175.06,175.06,175.06,175.06,175.06,175.06,175.06,175.06,175.06,175.06,175.06,175.06,175.06,175.06,175.06,175.06,175.06,175.06,175.06,175.06,175.06,175.06,175.06,175.06,175.06,175.06,175.06,175.06,175.06,175.06,175.06,175.06,175.06,175.06,175.06,175.06,175.06,175.06
2023-08-28 11:00:00,174.78,174.78,174.78,174.78,174.78,174.78,174.78,174.78,174.78,174.78,174.78,174.78,174.78,174.78,174.78,174.78,174.78,174.78,174.78,174.78,174.78,174.78,174.78,174.78,174.78,174.78,174.78,174.78,174.78,174.78,174.78,174.78,174.78,174.78,174.78,174.78,174.78,174.78,174.78,174.78,174.78,174.78
2023-08-29 11:00:00,176.37,176.37,176.37,176.37,176.37,176.37,176.37,176.37,176.37,176.37,176.37,176.37,176.37,176.37,176.37,176.37,176.37,176.37,176.37,176.37,176.37,176.37,176.37,176.37,176.37,176.37,176.37,176.37,176.37,176.37,176.37,176.37,176.37,176.37,176.37,176.37,176.37,176.37,176.37,176.37,176.37,176.37
2023-08-30 11:00:00,178.88,178.88,178.88,178.88,178.88,178.88,178.88,178.88,178.88,178.88,178.88,178.88,178.88,178.88,178.88,178.88,178.88,178.88,178.88,178.88,178.88,178.88,178.88,178.88,178.88,178.88,178.88,178.88,178.88,178.88,178.88,178.88,178.88,178.88,178.88,178.88,178.88,178.88,178.88,178.88,178.88,178.88
2023-08-31 11:00:00,177.99,177.99,177.99,177.99,177.99,177.99,177.99,177.99,177.99,177.99,177.99,177.99,177.99,177.99,177.99,177.99,177.99,177.99,177.99,177.99,177.99,177.99,177.99,177.99,177.99,177.99,177.99,177.99,177.99,177.99,177.99,177.99,177.99,177.99,177.99,177.99,177.99,177.99,177.99,177.99,177.99,177.99
2023-09-01 11:00:00,178.09,178.09,178.09,178.09,178.09,178.09,178.09,178.09,178.09,178.09,178.09,178.09,178.09,178.09,178.09,178.09,178.09,178.09,178.09,178.09,178.09,178.09,178.09,178.09,178.09,178.09,178.09,178.09,178.09,178.09,178.09,178.09,178.09,178.09,178.09,178.09,178.09,178.09,178.09,178.09,178.09,178.09
2023-09-04 11:00:00,179.32,179.32,179.32,179.32,179.32,179.32,179.32,179.32,179.32,179.32,179.32,179.32,179.32,179.32,179.32,179.32,179.32,179.32,179.32,179.32,179.32,179.32,179.32,179.32,179.32,179.32,179.32,179.32,179.32,179.32,179.32,179.32,179.32,179.32,179.32,179.32,179.32,179.32,179.32,179.32,179.32,179.32
2023-09-05 11:00:00,181.2,181.2,181.2,181.2,181.2,181.2,181.2,181.2,181.2,181.2,181.2,181.2,181.2,181.2,181.2,181.2,181.2,181.2,181.2,181.2,181.2,181.2,181.2,181.2,181.2,181.2,181.2,181.2,181.2,181.2,181.2,181.2,181.2,181.2,181.2,181.2,181.2,181.2,181.2,181.2,181.2,181.2
2023-09-06 11:00:00,183.2,183.2,183.2,183.2,183.2,183.2,183.2,183.2,183.2,183.2,183.2,183.2,183.2,183.2,183.2,183.2,183.2,183.2,183.2,183.2,183.2,183.2,183.2,183.2,183.2,183.2,183.2,183.2,183.2,183.2,183.2,183.2,183.2,183.2,183.2,183.2,183.2,183.2,183.2,183.2,183.2,183.2
2023-09-07 11:00:00,180.95,180.95,180.95,180.95,180.95,180.95,180.95,180.95,180.95,180.95,180.95,180.95,180.95,180.95,180.95,180.95,180.95,180.95,180.95,180.95,180.95,180.95,180.95,180.95,180.95,180.95,180.95,180.95,180.95,180.95,180.95,180.95,180.95,180.95,180.95,180.95,180.95,180.95,180.95,180.95,180.95,180.95
2023-09-08 11:00:00,177.96,177.96,177.96,177.96,177.96,177.96,177.96,177.96,177.96,177.96,177.96,177.96,177.96,177.96,177.96,177.96,177.96,177.96,177.96,177.96,177.96,177.96,177.96,177.96,177.96,177.96,177.96,177.96,177.96,177.96,177.96,177.96,177.96,177.96,177.96,177.96,177.96,177.96,177.96,177.96,177.96,177.96
2023-09-11 11:00:00,176.02,176.02,176.02,176.02,176.02,176.02,176.02,176.02,176.02,176.02,176.02,176.02,176.02,176.02,176.02,176.02,176.02,176.02,176.02,176.02,176.02,176.02,176.02,176.02,176.02,176.02,176.02,176.02,176.02,176.02,176.02,176.02,176.02,176.02,176.02,176.02,176.02,176.02,176.02,176.02,176.02,176.02
2023-09-12 11:00:00,175.23,175.23,175.23,175.23,175.23,175.23,175.23,175.23,175.23,175.23,175.23,175.23,175.23,175.23,175.23,175.23,175.23,175.23,175.23,175.23,175.23,175.23,175.23,175.23,175.23,175.23,175.23,175.23,175.23,175.23,175.23,175.23,175.23,175.23,175.23,175.23,175.23,175.23,175.23,175.23,175.23,175.23
2023-09-13 11:00:00,177.8,177.8,177.8,177.8,177.8,177.8,177.8,177.8,177.8,177.8,177.8,177.8,177.8,177.8,177.8,177.8,177.8,177.8,177.8,177.8,177.8,177.8,177.8,177.8,177.8,177.8,177.8,177.8,177.8,177.8,177.8,177.8,177.8,177.8,177.8,177.8,177.8,177.8,177.8,177.8,177.8,177.8
2023-09-14 11:00:00,175.2,175.2,175.2,175.2,175.2,175.2,175.2,175.2,175.2,175.2,175.2,175.2,175.2,175.2,175.2,175.2,175.2,175.2,175.2,175.2,175.2,175.2,175.2,175.2,175.2,175.2,175.2,175.2,175.2,175.2,175.2,175.2,175.2,175.2,175.2,175.2,175.2,175.2,175.2,175.2,175.2,175.2
2023-09-15 11:00:00,173.5,173.5,173.5,173.5,173.5,173.5,173.5,173.5,173.5,173.5,173.5,173.5,173.5,173.5,173.5,173.5,173.5,173.5,173.5,173.5,173.5,173.5,173.5,173.5,173.5,173.5,173.5,173.5,173.5,173.5,173.5,173.5,173.5,173.5,173.5,173.5,173.5,173.5,173.5,173.5,173.5,173.5
2023-09-18 11:00:00,174.48,174.48,174.48,174.48,174.48,174.48,174.48,174.48,174.48,174.48,174.48,174.48,174.48,174.48,174.48,174.48,174.48,174.48,174.48,174.48,174.48,174.48,174.48,174.48,174.48,174.48,174.48,174.48,174.48,174.48,174.48,174.48,174.48,174.48,174.48,174.48,174.48,174.48,174.48,174.48,174.48,174.48
2023-09-19 11:00:00,172.99,172.99,172.99,172.99,172.99,172.99,172.99,172.99,172.99,172.99,172.99,172.99,172.99,172.99,172.99,172.99,172.99,172.99,172.99,172.99,172.99,172.99,172.99,172.99,172.99,172.99,172.99,172.99,172.99,172.99,172.99,172.99,172.99,172.99,172.99,172.99,172.99,172.99,172.99,172.99,172.99,172.99
2023-09-20 11:00:00,169.3,169.3,169.3,169.3,169.3,169.3,169.3,169.3,169.3,169.3,169.3,169.3,169.3,169.3,169.3,169.3,169.3,169.3,169.3,169.3,169.3,169.3,169.3,169.3,169.3,169.3,169.3,169.3,169.3,169.3,169.3,169.3,169.3,169.3,169.3,169.3,169.3,169.3,169.3,169.3,169.3,169.3
2023-09-21 11:00:00,168.55,168.55,168.55,168.55,168.55,168.55,168.55,168.55,168.55,168.55,168.55,168.55,168.55,168.55,168.55,168.55,168.55,168.55,168.55,168.55,168.55,168.55,168.55,168.55,168.55,168.55,168.55,168.55,168.55,168.55,168.55,168.55,168.55,168.55,168.55,168.55,168.55,168.55,168.55,168.55,168.55,168.55
2023-09-22 11:00:00,166.15,166.15,166.15,166.15,166.15,166.15,166.15,166.15,166.15,166.15,166.15,166.15,166.15,166.15,166.15,166.15,166.15,166.15,166.15,166.15,166.15,166.15,166.15,166.15,166.15,166.15,166.15,166.15,166.15,166.15,166.15,166.15,166.15,166.15,166.15,166.15,166.15,166.15,166.15,166.15,166.15,166.15
2023-09-25 11:00:00,166.71,166.71,166.71,166.71,166.71,166.71,166.71,166.71,166.71,166.71,166.71,166.71,166.71,166.71,166.71,166.71,166.71,166.71,166.71,166.71,166.71,166.71,166.71,166.71,166.71,166.71,166.71,166.71,166.71,166.71,166.71,166.71,166.71,166.71,166.71,166.71,166.71,166.71,166.71,166.71,166.71,166.71
2023-09-26 11:00:00,165.83,165.83,165.83,165.83,165.83,165.83,165.83,165.83,165.83,165.83,165.83,165.83,165.83,165.83,165.83,165.83,165.83,165.83,165.83,165.83,165.83,165.83,165.83,165.83,165.83,165.83,165.83,165.83,165.83,165.83,165.83,165.83,165.83,165.83,165.83,165.83,165.83,165.83,165.83,165.83,165.83,165.83
2023-09-27 11:00:00,165.75,165.75,165.75,165.75,165.75,165.75,165.75,165.75,165.75,165.75,165.75,165.75,165.75,165.75,165.75,165.75,165.75,165.75,165.75,165.75,165.75,165.75,165.75,165.75,165.75,165.75,165.75,165.75,165.75,165.75,165.75,165.75,165.75,165.75,165.75,165.75,165.75,165.75,165.75,165.75,165.75,165.75
2023-09-28 11:00:00,165.81,165.81,165.81,165.81,165.81,165.81,165.81,165.81,165.81,165.81,165.81,165.81,165.81,165.81,165.81,165.81,165.81,165.81,165.81,165.81,165.81,165.81,165.81,165.81,165.81,165.81,165.81,165.81,165.81,165.81,165.81,165.81,165.81,165.81,165.81,165.81,165.81,165.81,165.81,165.81,165.81,165.81
2023-09-29 11:00:00,169.18,169.18,169.18,169.18,169.18,169.18,169.18,169.18,169.18,169.18,169.18,169.18,169.18,169.18,169.18,169.18,169.18,169.18,169.18,169.18,169.18,169.18,169.18,169.18,169.18,169.18,169.18,169.18,169.18,169.18,169.18,169.18,169.18,169.18,169.18,169.18,169.18,169.18,169.18,169.18,169.18,169.18
2023-10-02 11:00:00,167.79,167.79,167.79,167.79,167.79,167.79,167.79,167.79,167.79,167.79,167.79,167.79,167.79,167.79,167.79,167.79,167.79,167.79,167.79,167.79,167.79,167.79,167.79,167.79,167.79,167.79,167.79,167.79,167.79,167.79,167.79,167.79,167.79,167.79,167.79,167.79,167.79,167.79,167.79,167.79,167.79,167.79
2023-10-03 11:00:00,166.0,166.0,166.0,166.0,166.0,166.0,166.0,166.0,166.0,166.0,166.0,166.0,166.0,166.0,166.0,166.0,166.0,166.0,166.0,166.0,166.0,166.0,166.0,166.0,166.0,166.0,166.0,166.0,166.0,166.0,166.0,166.0,166.0,166.0,166.0,166.0,166.0,166.0,166.0,166.0,166.0,166.0
2023-10-04 11:00:00,166.61,166.61,166.61,166.61,166.61,166.61,166.61,166.61,166.61,166.61,166.61,166.61,166.61,166.61,166.61,166.61,166.61,166.61,166.61,166.61,166.61,166.61,166.61,166.61,166.61,166.61,166.61,166.61,166.61,166.61,166.61,166.61,166.61,166.61,166.61,166.61,166.61,166.61,166.61,166.61,166.61,166.61
2023-10-05 11:00:00,165.61,165.61,165.61,165.61,165.61,165.61,165.61,165.61,165.61,165.61,165.61,165.61,165.61,165.61,165.61,165.61,165.61,165.61,165.61,165.61,165.61,165.61,165.61,165.61,165.61,165.61,165.61,165.61,165.61,165.61,165.61,165.61,165.61,165.61,165.61,165.61,165.61,165.61,165.61,165.61,165.61,165.61
2023-10-06 11:00:00,166.3,166.3,166.3,166.3,166.3,166.3,166.3,166.3,166.3,166.3,166.3,166.3,166.3,166.3,166.3,166.3,166.3,166.3,166.3,166.3,166.3,166.3,166.3,166.3,166.3,166.3,166.3,166.3,166.3,166.3,166.3,166.3,166.3,166.3,166.3,166.3,166.3,166.3,166.3,166.3,166.3,166.3
2023-10-09 11:00:00,167.3,167.3,167.3,167.3,167.3,167.3,167.3,167.3,167.3,167.3,167.3,167.3,167.3,167.3,167.3,167.3,167.3,167.3,167.3,167.3,167.3,167.3,167.3,167.3,167.3,167.3,167.3,167.3,167.3,167.3,167.3,167.3,167.3,167.3,167.3,167.3,167.3,167.3,167.3,167.3,167.3,167.3
2023-10-10 11:00:00,167.38,167.38,167.38,167.38,167.38,167.38,167.38,167.38,167.38,167.38,167.38,167.38,167.38,167.38,167.38,167.38,167.38,167.38,167.38,167.38,167.38,167.38,167.38,167.38,167.38,167.38,167.38,167.38,167.38,167.38,167.38,167.38,167.38,167.38,167.38,167.38,167.38,167.38,167.38,167.38,167.38,167.38
2023-10-11 11:00:00,168.51,168.51,168.51,168.51,168.51,168.51,168.51,168.51,168.51,168.51,168.51,168.51,168.51,168.51,168.51,168.51,168.51,168.51,168.51,168.51,168.51,168.51,168.51,168.51,168.51,168.51,168.51,168.51,168.51,168.51,168.51,168.51,168.51,168.51,168.51,168.51,168.51,168.51,168.51,168.51,168.51,168.51
2023-10-12 11:00:00,167.9,167.9,167.9,167.9,167.9,167.9,167.9,167.9,167.9,167.9,167.9,167.9,167.9,167.9,167.9,167.9,167.9,167.9,167.9,167.9,167.9,167.9,167.9,167.9,167.9,167.9,167.9,167.9,167.9,167.9,167.9,167.9,167.9,167.9,167.9,167.9,167.9,167.9,167.9,167.9,167.9,167.9
2023-10-13 11:00:00,169.88,169.88,169.88,169.88,169.88,169.88,169.88,169.88,169.88,169.88,169.88,169.88,169.88,169.88,169.88,169.88,169.88,169.88,169.88,169.88,169.88,169.88,169.88,169.88,169.88,169.88,169.88,169.88,169.88,169.88,169.88,169.88,169.88,169.88,169.88,169.88,169.88,169.88,169.88,169.88,169.88,169.88
2023-10-16 11:00:00,170.51,170.51,170.51,170.51,170.51,170.51,170.51,170.51,170.51,170.51,170.51,170.51,170.51,170.51,170.51,170.51,170.51,170.51,170.51,170.51,170.51,170.51,170.51,170.51,170.51,170.51,170.51,170.51,170.51,170.51,170.51,170.51,170.51,170.51,170.51,170.51,170.51,170.51,170.51,170.51,170.51,170.51
2023-10-17 11:00:00,172.73,172.73,172.73,172.73,172.73,172.73,172.73,172.73,172.73,172.73,172.73,172.73,172.73,172.73,172.73,172.73,172.73,172.73,172.73,172.73,172.73,172.73,172.73,172.73,172.73,172.73,172.73,172.73,172.73,172.73,172.73,172.73,172.73,172.73,172.73,172.73,172.73,172.73,172.73,172.73,172.73,172.73
2023-10-18 11:00:00,172.68,172.68,172.68,172.68,172.68,172.68,172.68,172.68,172.68,172.68,172.68,172.68,172.68,172.68,172.68,172.68,172.68,172.68,172.68,172.68,172.68,172.68,172.68,172.68,172.68,172.68,172.68,172.68,172.68,172.68,172.68,172.68,172.68,172.68,172.68,172.68,172.68,172.68,172.68,172.68,172.68,172.68
2023-10-19 11:00:00,169.95,169.95,169.95,169.95,169.95,169.95,169.95,169.95,169.95,169.95,169.95,169.95,169.95,169.95,169.95,169.95,169.95,169.95,169.95,169.95,169.95,169.95,169.95,169.95,169.95,169.95,169.95,169.95,169.95,169.95,169.95,169.95,169.95,169.95,169.95,169.95,169.95,169.95,169.95,169.95,169.95,169.95
2023-10-20 11:00:00,170.38,170.38,170.38,170.38,170.38,170.38,170.38,170.38,170.38,170.38,170.38,170.38,170.38,170.38,170.38,170.38,170.38,170.38,170.38,170.38,170.38,170.38,170.38,170.38,170.38,170.38,170.38,170.38,170.38,170.38,170.38,170.38,170.38,170.38,170.38,170.38,170.38,170.38,170.38,170.38,170.38,170.38
2023-10-23 11:00:00,171.8,171.8,171.8,171.8,171.8,171.8,171.8,171.8,171.8,171.8,171.8,171.8,171.8,171.8,171.8,171.8,171.8,171.8,171.8,171.8,171.8,171.8,171.8,171.8,171.8,171.8,171.8,171.8,171.8,171.8,171.8,171.8,171.8,171.8,171.8,171.8,171.8,171.8,171.8,171.8,171.8,171.8
2023-10-24 11:00:00,170.42,170.42,170.42,170.42,170.42,170.42,170.42,170.42,170.42,170.42,170.42,170.42,170.42,170.42,170.42,170.42,170.42,170.42,170.42,170.42,170.42,170.42,170.42,170.42,170.42,170.42,170.42,170.42,170.42,170.42,170.42,170.42,170.42,170.42,170.42,170.42,170.42,170.42,170.42,170.42,170.42,170.42
